87 2827
79 2834
91 2837
45 2837
16 2906
60 2907
19 2954
62 3016
34 3024
82 3054
54 3064
58 3123
14 3176
61 3174
51 3215
69 3251
25 3259
24 3263
21 3259
63 3282
90 3282
27 3273
13 3312
92 3316
71 3345
59 3358
47 3397
67 3392
80 3392
32 3403
98 3392
50 3451
84 3458
5 3490
46 3524
56 3543
3 3611
28 3603
38 3591
81 3664
68 3690
93 3711
8 3730
40 3767
76 3772
39 3855
55 3855
94 3908
41 3947
74 3967
11 4011
44 4018
53 4001
17 4023
6 4023
0 4085
78 4085
99 4104
97 4104
31 4115
1 4123
26 4169
42 4167
7 4167
9 4185
96 4201
22 4204
2 4202
30 4223
86 4249
37 4259
12 4262
48 4297
70 4335
73 4357
49 4408
33 4417
83 4413
89 4427
43 4468
52 4490
35 4517
75 4531
88 4551
23 4557
10 4566
20 4570
95 4586
64 4589
77 4586
57 4593
72 4612
66 4615
29 4602
85 4620
4 4647
15 4690
18 4686
36 4755
65 4811
