68 347
37 344
0 343
49 347
29 344
70 347
51 347
79 347
66 343
76 345
34 344
67 347
20 345
55 345
9 344
33 346
21 348
15 346
36 344
27 346
24 345
32 349
18 345
71 347
77 348
47 349
43 344
61 348
23 344
4 344
5 345
58 347
60 345
10 346
72 348
57 348
12 347
62 347
63 347
35 346
50 348
6 350
41 347
17 348
45 349
8 350
74 348
44 347
73 350
16 347
56 350
2 346
19 347
48 346
75 351
46 351
65 347
13 359
52 356
31 359
42 363
64 360
53 362
38 359
14 354
7 360
54 359
22 363
59 376
39 373
11 378
25 377
3 376
40 377
1 385
30 384
78 392
26 412
69 428
28 435
