50 351
2 353
3 353
24 352
10 353
61 353
58 352
9 352
72 353
74 352
63 353
53 355
55 354
19 354
57 354
64 356
76 354
68 354
67 355
29 354
42 356
49 355
73 356
27 356
17 355
6 356
30 358
40 358
26 360
48 360
62 359
38 360
39 366
77 367
75 368
11 366
36 367
59 367
23 371
65 371
47 377
66 379
43 379
7 378
1 378
35 379
22 379
5 380
45 380
69 381
54 383
4 380
70 384
52 393
37 393
14 393
51 397
20 398
15 399
78 399
79 401
44 400
41 401
21 404
46 407
60 409
18 412
0 410
13 412
12 415
71 413
56 416
25 414
28 413
16 423
34 443
33 443
32 444
8 447
31 463
