23 318
51 322
44 318
48 318
69 320
42 319
66 320
63 320
45 318
3 318
49 322
10 320
76 319
52 320
67 320
65 322
31 319
7 321
30 320
1 321
61 318
77 322
71 323
33 323
25 334
12 336
19 337
11 339
55 336
27 341
53 346
15 349
6 349
56 346
72 356
18 358
47 359
21 360
14 363
20 361
62 361
57 365
64 369
2 369
59 369
50 370
75 370
4 372
79 378
40 378
29 378
38 381
26 385
32 384
78 386
17 391
68 392
36 394
28 392
0 392
24 393
34 393
54 406
70 402
16 410
5 410
41 412
46 417
39 422
73 417
22 433
8 439
37 436
60 436
74 439
35 436
58 472
13 472
43 472
9 473
