54 325
58 324
59 326
29 327
69 327
68 326
11 326
31 328
42 328
89 332
43 333
35 330
51 331
20 332
37 332
38 332
80 336
0 332
65 332
7 332
41 333
34 334
88 338
75 335
5 336
62 335
74 339
16 336
81 335
52 341
27 341
72 337
49 341
48 337
40 338
3 338
1 339
70 339
39 337
56 340
79 338
22 338
73 343
46 340
86 339
13 340
71 339
15 339
21 342
19 341
78 341
63 345
4 343
10 342
50 343
33 342
84 343
53 346
17 342
44 344
9 345
28 346
77 350
85 353
57 358
61 352
18 354
8 354
67 354
64 356
83 362
36 362
23 356
82 365
24 370
47 372
87 373
45 363
66 375
6 376
60 377
30 371
2 378
12 379
26 376
76 377
25 373
14 404
55 406
32 411
