36 280
41 281
72 280
82 280
26 280
77 279
64 280
0 280
42 281
30 280
32 281
81 281
40 281
16 281
1 283
5 283
39 284
4 285
88 285
2 285
8 287
70 288
43 295
54 296
12 297
11 298
62 299
27 298
3 299
29 298
60 301
85 302
66 304
21 305
25 306
33 305
89 309
58 322
38 324
14 325
53 328
78 328
9 331
84 335
55 334
20 333
48 337
17 336
35 339
59 338
80 351
7 351
18 353
57 350
63 353
71 355
61 354
86 355
75 358
28 362
23 360
50 362
15 365
67 370
31 374
49 373
51 378
73 379
87 383
69 386
6 390
56 388
22 390
34 390
74 397
83 398
76 397
13 401
44 397
45 400
19 400
52 397
24 400
68 411
79 411
46 412
47 423
10 423
65 425
37 450
