27 289
60 289
59 290
57 292
89 288
9 293
37 293
76 289
58 291
35 298
13 298
15 297
84 301
87 298
28 299
23 299
24 305
43 305
88 305
0 304
71 307
2 305
54 307
79 306
53 309
29 311
46 315
33 315
63 316
50 320
69 318
34 319
51 326
17 336
38 338
72 340
67 341
25 342
40 354
70 351
47 351
26 357
3 357
5 358
83 360
31 358
7 358
62 361
30 357
10 362
86 372
61 372
45 369
65 371
55 375
1 373
32 373
14 377
56 386
52 384
8 385
16 383
77 384
49 385
48 384
42 392
80 392
41 393
4 404
19 406
44 404
66 404
11 407
21 404
20 417
78 415
6 416
64 418
82 419
22 420
39 423
68 424
85 423
81 430
18 431
73 428
74 429
12 427
36 430
75 464
