86 281
9 285
31 280
19 285
76 280
67 285
51 285
53 281
37 281
3 285
5 285
7 287
57 287
45 282
71 284
30 294
14 292
12 289
85 295
89 293
4 297
22 291
48 298
65 298
46 300
83 306
63 306
70 303
32 302
82 312
79 308
29 308
42 305
39 305
26 309
54 309
10 322
18 326
16 326
44 334
0 335
55 342
33 336
75 339
17 335
2 346
72 349
40 350
6 343
34 352
1 345
64 347
66 350
69 347
68 354
24 354
80 354
36 354
81 358
35 359
49 354
13 349
87 364
23 371
56 373
60 365
50 367
25 370
73 374
27 373
41 370
62 374
78 372
8 380
77 382
61 384
47 389
11 385
58 384
74 393
52 393
38 382
21 384
84 393
59 391
15 401
88 390
28 416
43 425
20 427
