28 275
57 276
38 277
13 277
23 277
21 273
6 281
55 273
36 277
4 275
44 275
25 278
46 275
73 276
22 278
30 277
8 272
39 272
3 282
50 282
43 278
64 277
5 279
1 274
45 285
62 277
20 294
16 296
60 297
78 299
15 302
67 299
33 301
74 300
77 313
17 307
79 306
24 309
59 309
7 318
61 316
34 312
18 319
58 323
75 319
11 315
41 317
29 329
53 323
32 326
35 323
49 327
42 335
72 327
48 340
70 337
9 343
27 339
47 343
37 343
76 350
14 347
65 361
52 356
10 362
19 376
0 370
54 377
51 373
12 377
2 375
26 377
40 382
69 382
68 386
31 392
56 398
66 388
71 406
63 418
