91 308
65 306
4 303
22 308
58 308
39 303
45 303
88 303
75 315
78 316
40 302
56 307
21 304
50 311
68 317
37 310
69 317
18 307
6 312
59 310
70 317
43 304
96 316
81 306
85 312
99 307
32 319
93 312
74 313
79 309
49 318
82 307
62 313
9 311
60 307
31 314
92 314
61 308
97 315
71 316
16 314
26 314
2 322
77 322
15 318
55 324
12 317
84 317
63 323
14 322
30 317
54 318
3 324
5 320
57 320
13 329
42 322
72 320
1 322
28 329
8 328
73 323
89 320
66 319
41 325
87 326
23 332
29 330
48 325
98 324
52 333
94 330
36 337
25 331
11 338
20 338
10 338
7 338
44 339
24 333
76 332
33 329
34 342
51 336
67 332
38 330
80 335
46 330
35 338
64 334
86 335
27 342
47 334
90 340
95 343
17 343
0 336
53 349
83 351
19 373
