31 317
4 313
24 317
48 314
7 314
61 317
70 320
29 321
56 315
27 315
57 313
12 315
49 322
21 326
18 323
46 317
50 322
60 319
65 318
26 319
20 318
73 320
43 315
9 322
39 315
33 324
78 324
58 323
23 323
55 324
28 328
36 319
66 317
22 320
41 319
54 318
45 323
38 318
67 317
25 321
11 316
17 318
75 319
6 321
71 317
32 317
76 317
79 320
10 317
8 325
34 275
63 319
42 275
35 319
77 324
14 318
62 309
72 323
68 318
15 317
16 320
51 326
69 319
0 322
53 322
13 318
1 321
52 316
74 320
2 318
59 319
5 320
19 324
44 345
37 340
40 342
47 303
30 348
64 347
3 306
