33 322
30 327
5 328
87 321
27 328
69 319
77 328
9 323
88 324
89 320
81 320
59 327
43 320
12 324
46 321
76 323
37 321
20 323
61 324
23 322
84 323
66 328
24 321
32 329
63 324
6 329
19 321
0 321
26 329
83 329
44 324
73 322
45 326
55 326
16 326
57 330
52 324
38 322
10 325
72 323
3 325
29 330
74 330
35 325
40 322
75 323
56 326
68 327
22 325
21 327
65 326
28 331
70 331
41 325
50 332
86 324
2 327
13 326
79 327
18 328
51 327
47 329
14 325
58 328
71 325
64 329
67 328
15 334
34 329
31 328
60 334
17 326
4 334
11 329
39 330
48 333
36 330
54 329
49 329
1 334
42 333
8 328
82 333
53 334
85 332
80 332
62 337
78 340
7 340
25 372
