65 1416
33 1416
79 1415
59 1415
66 1415
73 1417
69 1417
25 1416
7 1416
85 1414
27 1415
13 1440
30 1455
9 1461
20 1485
34 1499
81 1525
8 1544
28 1564
32 1567
82 1609
61 1794
45 1847
2 1938
63 2014
78 2063
51 2095
38 2102
57 2116
10 2116
24 2116
16 2154
42 2452
47 2497
88 2506
55 2530
76 2562
36 2588
3 2588
74 2601
21 2669
17 2690
0 2705
6 2728
18 2744
56 2745
84 2794
50 2814
80 2848
1 2886
86 2915
35 3042
41 3072
4 3139
12 3163
71 3174
68 3204
54 3335
64 3333
14 3490
48 3513
19 3535
72 3599
67 3658
5 3669
77 3747
62 3756
46 3794
43 3809
31 3819
58 3869
40 3876
26 3917
44 3922
83 3956
29 4058
75 4084
53 4092
11 4117
22 4145
70 4159
37 4272
60 4281
89 4303
87 4350
23 4411
39 4563
15 4603
52 4623
49 4729
