50 1424
31 1424
48 1424
34 1424
4 1424
18 1425
27 1435
17 1436
32 1438
87 1439
58 1439
44 1458
84 1460
3 1478
39 1500
36 1506
5 1510
49 1515
16 1538
7 1550
11 1552
64 1554
46 1556
71 1594
61 1662
38 1907
54 1940
89 1977
45 2049
26 2111
73 2121
86 2158
19 2466
12 2495
14 2539
42 2574
70 2572
9 2580
67 2615
25 2637
10 2649
52 2648
65 2653
82 2691
80 2704
51 2705
66 2751
81 2776
43 2782
20 2847
74 2859
40 2899
79 2899
75 2934
77 2938
35 2974
33 3100
85 3109
37 3235
29 3235
72 3286
69 3309
0 3398
2 3429
47 3677
30 3689
41 3693
62 3718
8 3753
78 3796
88 3886
53 3909
76 3914
28 3930
83 4013
57 4029
21 4119
13 4154
6 4160
60 4205
23 4207
56 4257
68 4273
55 4370
63 4373
24 4396
1 4442
22 4470
59 4539
15 4673
