61 305
62 306
9 306
5 307
76 306
43 306
18 306
89 306
57 308
1 309
46 307
21 310
37 312
75 307
15 313
56 309
86 306
12 307
20 312
71 314
65 314
30 305
7 312
38 309
24 321
50 308
72 310
14 314
6 310
39 310
80 312
67 312
29 316
63 309
31 312
60 311
11 312
59 311
53 316
33 316
3 314
34 310
51 311
41 311
82 314
28 311
73 311
42 314
66 315
4 311
70 313
2 317
23 318
36 323
25 325
83 318
81 322
64 319
10 320
79 320
17 325
26 324
16 327
40 320
35 323
58 323
44 328
78 325
19 323
45 327
74 328
87 329
68 322
49 329
84 323
54 322
55 331
48 332
88 329
32 329
69 329
27 327
47 330
13 329
0 340
77 331
52 327
22 332
85 334
8 338
