1 433
33 432
60 443
70 436
47 434
44 445
96 436
20 443
39 435
94 435
31 436
41 443
27 452
11 463
6 453
17 456
23 455
81 468
74 491
76 506
89 511
80 525
95 527
38 528
25 538
79 554
50 555
51 567
7 579
35 577
97 596
32 599
18 616
58 626
68 618
67 637
84 642
5 658
63 652
98 664
92 670
88 688
85 692
48 703
52 720
30 723
56 731
15 732
90 745
55 747
45 757
29 749
66 760
24 789
64 798
28 802
65 810
62 813
91 803
3 813
37 821
14 838
8 846
53 843
99 835
19 845
86 847
2 863
83 860
21 886
78 902
0 892
46 902
77 904
42 909
9 888
13 918
69 934
43 952
12 971
22 972
71 974
49 985
93 984
75 1000
16 983
82 1020
57 1017
36 1033
34 1040
40 1039
87 1026
61 1064
10 1099
54 1097
59 1092
26 1143
4 1107
72 1153
73 1142
