6 306
72 306
36 306
24 306
34 307
60 307
79 307
47 307
52 307
53 307
22 306
56 309
41 310
66 308
76 308
26 308
31 311
17 307
62 308
4 310
21 310
37 309
65 308
42 311
48 311
61 312
71 310
49 310
40 311
75 312
38 311
20 312
9 312
29 311
78 311
55 313
27 306
68 306
18 307
58 306
3 312
19 314
8 306
63 307
14 308
10 305
43 306
74 312
23 313
45 314
64 315
51 313
73 314
35 313
15 312
57 312
2 309
13 309
12 310
50 310
44 309
46 309
11 308
0 308
28 307
70 307
30 314
67 315
1 314
59 314
25 316
39 318
69 319
32 319
54 318
16 318
7 323
5 326
33 367
77 365
