62 312
24 314
5 312
10 312
61 312
47 313
76 312
7 313
67 312
50 313
60 316
29 314
77 313
6 313
1 313
79 314
9 313
41 314
26 313
34 314
35 313
73 315
23 315
17 314
36 314
68 313
11 316
14 312
43 313
39 312
57 314
75 315
12 316
64 315
69 313
8 315
4 316
66 315
28 315
27 316
38 316
53 315
15 315
32 315
51 318
55 316
16 317
70 316
78 317
58 315
3 315
20 313
33 317
46 318
65 318
21 314
72 313
18 317
48 318
44 319
63 317
49 317
71 317
19 316
59 315
13 316
0 317
56 316
45 316
30 315
74 315
52 317
40 317
25 318
54 320
2 318
31 313
37 313
42 363
22 363
