62 1376
29 1376
78 1385
73 1386
56 1388
36 1388
52 1392
32 1383
48 1390
61 1418
21 1414
41 1434
79 1440
42 1459
65 1463
45 1485
2 1482
33 1485
58 1528
49 1559
44 1577
66 1581
13 1656
53 1730
64 1800
0 1827
77 1868
70 1866
9 1872
20 1994
22 2010
47 2026
15 2511
14 2511
40 2528
60 2551
38 2576
4 2596
69 2622
23 2639
43 2644
72 2652
57 2656
28 2674
16 2704
71 2731
35 2805
51 2817
76 2815
59 2876
68 2894
18 2896
50 2967
11 2968
37 2980
39 2982
63 2991
46 3017
27 3120
1 3146
19 3180
24 3194
31 3222
30 3428
12 3635
3 3696
25 3708
34 3757
75 3820
74 3811
55 3916
17 3943
54 4005
67 4037
7 4046
8 4187
26 4196
6 4253
5 4263
10 4280
