53 1337
71 1336
4 1351
32 1352
84 1349
2 1356
14 1393
24 1402
85 1554
13 1573
73 1582
82 1625
26 1676
29 1717
75 1789
38 1810
9 1830
57 1898
42 1928
61 1961
34 1964
86 2005
90 2000
80 2008
87 2046
37 2068
1 2332
50 2367
72 2364
41 2393
78 2435
47 2443
60 2447
10 2450
59 2566
58 2648
65 2755
19 2835
94 2870
44 2876
17 2899
27 2984
23 3110
43 3113
55 3184
69 3184
20 3310
62 3362
39 3382
76 3389
16 3417
88 3429
36 3464
97 3620
77 3654
70 3842
6 3841
89 3888
67 3892
8 3894
18 3951
66 3962
30 3979
98 4048
48 4072
83 4136
3 4197
91 4331
33 4337
99 4369
63 4365
7 4407
74 4431
95 4535
5 4613
49 4612
28 4628
31 4663
54 4722
12 4737
51 4765
56 4795
11 4846
15 4916
81 4957
46 5001
92 5038
96 5047
0 5041
45 5124
93 5202
25 5263
52 5349
68 5354
22 5462
79 5456
40 5478
35 5848
21 5848
64 6266
