20 1410
33 1418
19 1422
89 1429
54 1410
79 1422
78 1424
24 1514
62 1569
83 1556
84 1600
38 1605
42 1641
57 1704
1 1807
81 1790
65 1808
52 1810
14 1843
39 1849
25 1853
30 1859
67 1869
11 2061
49 2136
29 2313
45 2367
2 2371
63 2402
59 2426
58 2406
22 2461
40 2470
66 2497
64 2486
86 2515
15 2531
95 2783
77 2797
23 2881
68 2905
91 2960
18 3242
13 3261
92 3258
99 3325
10 3414
72 3452
28 3468
36 3497
16 3507
3 3552
4 3573
88 3607
9 3612
8 3652
76 3700
75 3735
26 3750
50 3784
34 3838
35 3836
56 3853
55 3870
94 3934
31 3986
90 3990
74 3989
97 4030
5 4133
69 4281
37 4306
61 4322
80 4329
32 4448
73 4472
46 4491
93 4555
98 4583
85 4614
43 4645
12 4627
21 4643
48 4767
82 4899
87 4916
51 4944
17 4991
0 4989
47 5051
60 5087
44 5087
96 5126
41 5192
53 5186
27 5278
71 5329
70 5903
6 6070
7 6150
