41 316
47 316
26 314
77 307
89 312
11 307
53 316
48 315
5 307
87 307
81 317
40 306
49 307
67 314
23 317
80 317
6 314
4 307
63 314
65 308
68 307
3 306
69 309
66 309
64 316
46 315
21 318
56 318
86 309
13 318
2 318
32 309
60 319
25 317
19 315
34 313
17 315
24 315
62 307
29 315
35 317
75 316
55 317
39 315
9 317
30 315
78 315
44 306
76 315
37 315
36 315
79 317
16 302
14 310
57 310
28 301
82 316
72 312
54 307
85 316
1 305
52 316
83 306
73 307
18 307
58 314
12 314
7 315
31 309
50 317
22 316
84 319
27 318
61 319
20 309
59 318
10 309
45 314
88 308
15 309
71 316
8 307
74 318
43 316
0 308
51 309
70 317
33 315
38 321
42 352
