87 1415
48 1412
21 1419
12 1409
54 1419
7 1415
65 1416
47 1414
13 1534
17 1563
36 1572
81 1591
68 1622
20 1743
44 1783
82 1783
25 1816
60 1890
83 1978
49 2072
80 2311
86 2348
77 2350
15 2352
43 2358
72 2393
30 2394
42 2393
9 2398
71 2400
84 2434
45 2437
18 2517
29 2522
66 2555
16 2550
31 2629
40 2661
69 2875
67 2901
46 2958
58 2985
1 3043
3 3090
26 3161
38 3231
2 3251
32 3279
76 3326
63 3362
59 3396
70 3473
39 3472
64 3496
61 3538
23 3613
78 3619
73 3667
24 3710
88 3730
37 3803
52 3878
5 3926
11 3934
57 3967
35 4036
33 4035
4 4031
89 4050
55 4102
79 4249
8 4291
51 4417
28 4436
85 4449
19 4546
41 4563
53 4584
6 4588
14 4630
22 4695
27 4803
50 4803
62 4846
75 4856
74 4973
0 4972
34 5027
10 5079
56 5148
