36 356
95 358
64 356
13 349
57 364
44 366
18 386
31 378
93 380
62 379
26 378
66 378
7 378
34 373
79 388
8 391
84 396
86 396
33 398
76 400
49 421
69 423
55 424
91 417
5 417
78 423
4 435
22 436
98 438
12 439
6 451
61 461
15 460
90 467
1 468
68 480
38 473
73 473
47 479
88 467
87 489
50 485
37 498
40 513
3 511
14 518
58 517
19 511
30 518
96 525
71 525
24 526
97 527
82 527
42 535
16 535
94 555
32 547
63 541
65 548
77 556
35 578
56 578
52 584
27 581
29 577
53 589
81 582
60 597
9 599
72 602
23 617
46 620
0 624
83 621
70 620
74 623
45 628
21 590
48 619
43 622
75 620
39 622
80 621
11 625
67 625
89 629
28 630
2 630
17 641
20 632
51 638
85 641
59 641
41 652
92 661
25 653
99 653
54 677
10 701
