33 20187
9 20188
58 20183
1 20184
3 20198
59 20199
14 20200
19 20199
25 20203
55 20208
31 20205
30 20203
29 20210
15 20202
11 20208
51 20213
2 20206
50 20205
21 20205
35 20214
4 20212
37 20210
46 20206
41 20215
22 20208
24 20207
53 20211
17 20211
39 20215
32 20211
48 20211
0 20216
56 20215
44 20224
49 20225
43 20225
47 20225
54 20221
5 20219
8 20217
26 20291
10 20292
34 20292
28 20287
27 20292
12 20293
6 20433
36 20422
57 20424
13 20432
40 20427
52 20424
23 20424
45 20424
42 20433
16 20433
38 20424
20 20422
7 20473
18 20469
