48 20203
31 20205
34 20204
43 20202
54 20213
36 20223
32 20218
53 20225
2 20219
15 20219
40 20226
11 20224
59 20221
6 20221
1 20220
50 20225
14 20228
13 20225
42 20230
45 20228
58 20226
27 20233
26 20230
51 20233
19 20230
41 20231
8 20229
18 20233
12 20233
52 20229
22 20231
4 20227
9 20226
39 20232
38 20238
55 20229
44 20230
49 20231
10 20269
46 20271
29 20269
28 20272
47 20305
37 20315
24 20315
57 20309
7 20332
5 20343
20 20332
33 20411
16 35497
23 35549
35 35575
3 35828
17 36516
56 36924
30 37123
0 37587
25 37668
21 37794
