33 20209
34 20213
46 20213
28 20207
3 20211
30 20215
8 20207
6 20208
47 20211
44 20207
43 20211
50 20216
56 20211
2 20208
35 20217
9 20208
57 20217
4 20211
54 20212
7 20213
40 20209
36 20219
55 20212
19 20221
0 20211
52 20221
22 20221
12 20222
29 20233
15 20224
23 20226
21 20233
1 20226
51 20233
26 20233
25 20256
24 20248
20 20256
16 20255
5 20264
37 20264
53 20256
18 20259
27 20260
11 20259
14 20263
41 20256
13 20255
10 20256
58 20263
32 20256
49 20254
48 20254
17 20269
45 20336
42 20383
31 20382
39 32662
38 32873
59 33318
