58 20187
22 20188
23 20186
6 20189
43 20197
25 20198
29 20200
19 20234
2 20233
47 20231
20 20233
51 20235
32 20233
3 20234
59 20235
24 20236
36 20235
41 20239
48 20237
4 20237
16 20239
42 20237
39 20239
9 20240
45 20237
46 20240
11 20238
18 20239
21 20238
15 20239
28 20237
17 20240
38 20238
35 20238
57 20237
31 20240
5 20237
12 20236
37 20249
1 20277
40 20274
26 20274
14 20274
0 20278
44 20274
7 20276
50 20277
52 36257
53 36255
33 36673
8 36949
49 37637
56 37933
27 38033
55 38456
30 38676
34 38674
10 38985
54 39115
13 39212
